4 1 P1 87
1 4 P1 43
2 2 P6 21
2 5 P2 70
1 5 P7 61
2 4 P6 93
4 1 P1 86
4 2 P2 35
3 4 P6 24
4 5 P4 43
3 5 P2 88
3 2 P2 52
3 3 P1 23
3 3 P1 78
1 2 P7 55
3 2 P7 8
2 2 P6 36
1 1 P1 43
2 5 P4 20
3 5 P6 25
1 6 P3 96
1 5 P1 36
4 1 P7 89
1 4 P3 71
4 2 P3 51
2 2 P6 41
2 3 P5 30
2 2 P4 69
2 3 P5 36
3 6 P6 83
4 5 P1 77
2 5 P6 73
2 5 P4 55
3 4 P5 35
4 6 P3 18
3 2 P5 60
2 2 P7 21
2 2 P1 70
2 5 P6 63
1 2 P7 26
3 4 P1 47
1 4 P5 30
3 4 P7 36
2 2 P1 49
2 6 P1 9
2 1 P8 51
1 4 P4 42
3 3 P8 50
4 6 P2 14
4 3 P6 98
4 1 P1 23
4 2 P1 58
2 6 P3 17
2 4 P4 52
2 2 P4 96
3 3 P8 33
1 5 P7 65
3 6 P8 14
3 2 P2 72
1 1 P3 73
1 2 P5 13
2 1 P6 66
4 5 P7 27
2 6 P7 30
1 1 P1 96
3 5 P3 60
3 2 P8 60
4 2 P1 87
4 1 P7 17
3 2 P4 57
4 2 P3 24
3 5 P5 71
4 3 P6 19
3 6 P7 82
1 5 P5 53
2 1 P1 63
2 2 P2 69
1 1 P8 92
2 6 P2 27
3 5 P2 86
3 2 P7 1
4 4 P4 1
4 6 P7 67
2 3 P5 67
4 5 P4 64
3 3 P1 77
1 3 P2 99
2 2 P7 40
2 6 P5 31
2 2 P2 5
1 2 P8 44
1 1 P4 33
2 5 P6 84
2 4 P6 82
1 1 P5 54
3 1 P2 4
4 2 P6 82
4 5 P2 18
3 1 P7 38
2 3 P6 66
